function yp = fd(x)
   yp = 7*x.^6 -6*28*x.^5+5*322*x.^4-4*1960*x.^3+3*6769*x.^2-2*13132*x +13068 ; 
end
